48
49
50
95
96
97
98
99
100
101
102
103
104
133
134
135
136
137
138
139
142
143
144
145
146
147
148
149
150
151
152
153
154
155
165
166
167
168
169
170
171
172
173
174
175
176
177
178
179
180
181
182
183
184
185
186
195
196
223
224
229
230
239
240
241
242
243
244
245
246
247
248
249
250
251
252
253
254
255
256
257
258
259
260
261
262
263
264
265
266
267
268
269
270
271
272
273
274
275
276
277
278
279
280
293
294
298
299
303
304
311
312
321
322
323
324
325
326
327
330
331
332
333
334
335
336
337
338
339
340
341
342
343
344
345
346
347
348
349
350
351
352
353
354
355
356
357
358
359
360
361
362
363
364
365
366
367
368
369
370
371
372
373
374
414
415
416
417
418
419
420
421
463
464
465
466
467
468
495
496
497
498
499
500
501
502
503
504
505
506
507
508
509
510
511
512
513
514
515
555
556
557
558
559
:
48 49
49 50
96 95
97 96
98 99
99 100
100 101
101 102
102 103
103 104
133 134
134 135
135 136
136 137
137 138
138 139
143 142
144 143
145 144
146 145
147 146
149 148
150 149
151 150
152 153
154 153
155 154
165 166
166 167
168 167
168 169
169 170
170 171
171 172
172 173
173 174
174 175
175 176
176 177
178 179
181 180
182 183
183 184
184 185
185 186
195 196
224 223
229 230
240 239
241 240
242 241
243 242
244 245
246 247
247 248
248 249
250 251
251 252
253 254
254 255
256 257
257 258
259 260
260 261
261 262
262 263
264 263
265 264
267 266
268 267
269 268
270 271
271 272
272 273
274 275
275 276
276 277
278 279
279 280
294 293
299 298
303 304
312 311
321 322
322 323
323 324
324 325
325 326
326 327
331 330
332 331
333 332
334 333
335 334
336 335
337 336
338 337
339 338
340 339
341 340
342 343
343 344
345 346
346 347
347 348
348 349
349 350
350 351
352 353
355 354
356 355
357 356
358 359
359 360
360 361
361 362
362 363
363 364
364 365
365 366
367 368
368 369
369 370
370 371
371 372
372 373
373 374
414 415
416 417
417 418
418 419
419 420
420 421
463 464
464 465
465 466
466 467
467 468
495 496
496 497
497 498
498 499
499 500
500 501
501 502
502 503
503 504
504 505
505 506
506 507
508 509
509 510
510 511
511 512
514 513
515 514
555 556
556 557
557 558
558 559
:
98 97 50 L
147 148 195 R
152 151 104 L
178 177 224 L
179 180 133 R
181 182 229 R
244 243 196 L
245 246 293 R
250 249 155 L
253 252 299 L
255 256 303 R
258 259 165 R
266 265 312 L
269 270 223 R
273 274 321 R
278 277 230 L
342 341 294 L
344 345 298 R
352 351 304 L
353 354 495 R
357 358 311 R
366 367 414 R
415 416 463 R
507 508 555 R
513 512 559 L
:
48 R
50 R
95 R
97 R
98 L
104 R
133 L
139 L
142 R
147 R
148 L
151 R
152 L
155 R
165 L
177 R
178 L
179 R
180 L
181 R
182 L
186 L
195 L
196 R
223 L
224 R
229 L
230 R
239 R
243 R
244 L
245 R
246 L
249 R
250 L
252 R
253 L
254 L
255 R
256 L
258 R
259 L
265 R
266 L
269 R
270 L
273 R
274 L
277 R
278 L
280 L
293 L
294 R
298 L
299 R
303 L
304 R
311 L
312 R
321 L
327 L
330 R
341 R
342 L
344 R
345 L
348 R
351 R
352 L
353 R
354 L
357 R
358 L
366 R
367 L
374 L
414 L
415 R
416 L
421 L
463 L
468 L
495 L
507 R
508 L
512 R
513 L
515 L
555 L
559 R
:
T0 48 186 R
T1 186 48 L
T2 330 515 R
T3 515 330 L
T4 239 348 R
T5 280 254 L
:
47
12
