45
46
47
90
91
92
93
94
95
96
97
98
99
128
129
130
131
132
133
134
135
136
137
138
139
140
141
142
143
144
145
146
147
148
158
159
160
161
162
163
164
165
166
167
168
169
170
171
172
173
174
175
176
177
178
179
186
187
214
215
220
221
228
229
230
231
232
233
234
235
236
237
238
239
240
241
242
243
244
245
246
247
248
249
250
251
252
253
254
255
256
257
258
259
260
261
262
263
264
265
266
267
268
269
280
281
285
286
290
291
298
299
308
309
310
311
312
313
314
315
316
317
318
319
320
321
322
323
324
325
326
327
328
329
330
331
332
333
334
335
336
337
338
339
340
341
342
343
344
345
346
347
348
349
350
351
352
353
354
355
356
357
358
359
397
398
399
400
401
402
403
404
444
445
446
447
448
449
474
475
476
477
478
479
480
481
482
483
484
485
486
487
488
489
490
491
492
493
494
532
533
534
535
536
:
45 46
46 47
91 90
92 91
93 94
94 95
95 96
96 97
97 98
98 99
128 129
129 130
130 131
131 132
132 133
133 134
136 135
137 136
138 137
139 138
140 139
142 141
143 142
144 143
145 146
147 146
148 147
158 159
159 160
161 160
161 162
162 163
163 164
164 165
165 166
166 167
167 168
168 169
169 170
171 172
174 173
175 176
176 177
177 178
178 179
186 187
215 214
220 221
229 228
230 229
231 230
232 231
233 234
235 236
236 237
237 238
239 240
240 241
242 243
243 244
245 246
246 247
248 249
249 250
250 251
251 252
253 252
254 253
256 255
257 256
258 257
259 260
260 261
261 262
263 264
264 265
265 266
267 268
268 269
281 280
286 285
290 291
299 298
308 309
309 310
310 311
311 312
312 313
313 314
316 315
317 316
318 317
319 318
320 319
321 320
322 321
323 322
324 323
325 324
326 325
327 328
328 329
330 331
331 332
332 333
333 334
334 335
335 336
337 338
340 339
341 340
342 341
343 344
344 345
345 346
346 347
347 348
348 349
349 350
350 351
352 353
353 354
354 355
355 356
356 357
357 358
358 359
397 398
399 400
400 401
401 402
402 403
403 404
444 445
445 446
446 447
447 448
448 449
474 475
475 476
476 477
477 478
478 479
479 480
480 481
481 482
482 483
483 484
484 485
485 486
487 488
488 489
489 490
490 491
493 492
494 493
532 533
533 534
534 535
535 536
:
93 92 47 L
140 141 186 R
145 144 99 L
171 170 215 L
172 173 128 R
174 175 220 R
233 232 187 L
234 235 280 R
239 238 148 L
242 241 286 L
244 245 290 R
247 248 158 R
255 254 299 L
258 259 214 R
262 263 308 R
267 266 221 L
327 326 281 L
329 330 285 R
337 336 291 L
338 339 474 R
342 343 298 R
351 352 397 R
398 399 444 R
486 487 532 R
492 491 536 L
:
45 R
47 R
90 R
92 R
93 L
99 R
128 L
134 L
135 R
140 R
141 L
144 R
145 L
148 R
158 L
170 R
171 L
172 R
173 L
174 R
175 L
179 L
186 L
187 R
214 L
215 R
220 L
221 R
228 R
232 R
233 L
234 R
235 L
238 R
239 L
241 R
242 L
244 R
245 L
247 R
248 L
254 R
255 L
258 R
259 L
262 R
263 L
266 R
267 L
269 L
280 L
281 R
285 L
286 R
290 L
291 R
298 L
299 R
308 L
314 L
315 R
326 R
327 L
329 R
330 L
336 R
337 L
338 R
339 L
342 R
343 L
351 R
352 L
359 L
397 L
398 R
399 L
404 L
444 L
449 L
474 L
486 R
487 L
491 R
492 L
494 L
532 L
536 R
:
T0 134 45 L
T1 228 359 R
T2 269 90 L
T3 315 494 R
T4 179 228 L
T5 135 404 R
:
45
20
