93
94
95
96
97
98
99
100
101
102
144
145
185
186
187
188
189
190
230
231
273
274
275
276
277
278
279
280
281
282
:
93 94
96 95
97 96
98 97
99 98
100 99
101 102
144 145
185 186
187 188
189 190
231 230
274 273
275 276
276 277
278 277
279 278
280 279
281 282
:
94 95 185 R
101 100 145 L
187 186 231 L
188 189 144 R
274 275 230 R
281 280 190 L
:
93 R
94 R
95 L
100 R
101 L
102 L
144 L
145 R
185 L
186 R
187 L
188 R
189 L
190 R
230 L
231 R
273 R
274 R
275 L
276 L
280 R
281 L
282 L
:
T0 282 276 L
T1 273 282 R
T2 102 93 L
T3 93 102 R
T4 276 273 L
:
45
20
