21
22
23
24
25
26
27
28
29
30
31
32
33
34
35
36
37
38
43
44
45
46
47
48
49
50
51
52
53
54
55
56
61
62
63
64
65
66
67
68
69
70
71
72
73
74
75
76
77
78
83
84
85
86
87
88
89
90
91
92
93
94
95
96
101
102
103
104
105
106
107
108
109
110
111
112
113
114
115
116
117
118
123
124
125
126
127
128
129
130
131
132
133
134
135
136
141
142
143
144
145
146
147
148
149
150
151
152
153
154
155
156
157
158
163
164
165
166
167
168
169
170
171
172
173
174
175
176
181
182
183
184
185
186
187
188
189
190
191
192
193
194
195
196
197
198
:
21 22
22 23
23 24
24 25
25 26
26 27
27 28
28 29
29 30
30 31
31 32
32 33
33 34
34 35
35 36
37 38
44 43
45 44
46 45
47 46
48 47
49 48
50 49
51 50
52 51
53 52
54 53
55 54
56 55
61 62
63 64
64 65
65 66
66 67
67 68
68 69
69 70
70 71
71 72
72 73
73 74
74 75
75 76
77 78
84 83
85 84
86 85
87 86
88 87
89 88
90 89
91 90
92 91
93 92
94 93
95 94
96 95
101 102
103 104
104 105
105 106
106 107
107 108
108 109
109 110
110 111
111 112
112 113
113 114
114 115
115 116
117 118
124 123
125 124
126 125
127 126
128 127
129 128
130 129
131 130
131 132
133 132
134 133
135 134
136 135
141 142
143 144
144 145
145 146
146 147
147 148
148 149
149 150
150 151
151 152
152 153
153 154
154 155
155 156
157 158
164 163
165 164
166 165
167 166
168 167
169 168
170 169
171 170
172 171
173 172
174 173
175 174
176 175
181 182
183 184
184 185
185 186
186 187
187 188
188 189
189 190
190 191
191 192
192 193
193 194
194 195
195 196
196 197
197 198
:
37 36 56 L
62 63 43 R
77 76 96 L
102 103 83 R
117 116 136 L
142 143 123 R
157 156 176 L
182 183 163 R
:
21 L
21 R
36 R
37 L
38 L
38 R
43 L
56 R
61 L
61 R
62 R
63 L
76 R
77 L
78 L
78 R
83 L
96 R
101 L
101 R
102 R
103 L
116 R
117 L
118 L
118 R
123 L
136 R
141 L
141 R
142 R
143 L
156 R
157 L
158 L
158 R
163 L
176 R
181 L
181 R
182 R
183 L
197 L
198 L
198 R
:
T0 21 38 R
T1 38 61 L
T2 61 78 R
T3 78 101 L
T4 101 118 R
T5 118 141 L
T6 141 158 R
T7 158 181 L
T8 181 198 R
:
20
11
